{
  "advancedEditorSelectedIdentifier" : "ShaderGraphEditorPluginID",
  "openSceneRelativePaths" : [
    "Ex15.usda",
    "Ex16.usda",
    "Ex17.usda",
    "Ex18.usda",
    "Ex19.usda"
  ],
  "recentIdentifiers" : {
    "1A55FBC1-0B71-445B-A55A-15FFD39A2B77" : [

    ],
    "1A981D60-2BBB-422A-AB39-BA3B711220AE" : [

    ],
    "2EDCED87-2173-4D8E-A8B1-81283C950E67" : [

    ],
    "6A96437E-6FDD-4ABF-8F8D-EA914AFD7954" : [

    ],
    "9BC2DFD2-9AAA-4AD7-AF75-D7CB085F9480" : [

    ],
    "9F44B826-6772-4DC5-88D0-D1CF1B431800" : [

    ],
    "036FA7CE-56F1-4106-ABD4-3F2DD5A1C008" : [

    ],
    "242C7444-8DFB-4DC0-8AB8-9ADB23E4B747" : [

    ],
    "245EC209-D613-4B46-8F79-75F5785E1EA1" : [

    ],
    "4963A270-5B71-4F27-B026-2C5D0B381753" : [

    ],
    "7138E219-3005-49E0-975C-190EC670FA68" : [

    ],
    "37023F06-F2E0-45B4-9098-E108ED5582E2" : [

    ],
    "843747E5-4D0A-440D-8E61-3C82E583B808" : [

    ],
    "A6C12A48-16B6-484B-A0E6-33C0CB56CD80" : [

    ],
    "A15C6DB6-FEC7-4757-8572-BBEE7E7D3C44" : [

    ],
    "A9624CDA-8682-4D4D-85B6-3DE2958A1345" : [

    ],
    "AC31F61C-A17B-4043-B498-00F9F18DF8F1" : [

    ],
    "B4C6AF64-EED4-4DC1-9F0E-FD0B4E9F7525" : [

    ],
    "B50C36D0-6F41-4D7A-8236-0A4C0C055A85" : [

    ],
    "BA25A025-756A-4791-983E-D2E709582157" : [

    ],
    "D21AC121-AAC0-4162-9046-87CEF409A584" : [

    ],
    "D2093809-F847-42B7-962D-F5CFF3F1A211" : [

    ],
    "F5809717-57CB-4272-AD8A-0DF1333FF6F4" : [

    ]
  },
  "sceneCameraHistory" : {
    "1A55FBC1-0B71-445B-A55A-15FFD39A2B77" : [
      {
        "date" : 737623842.803343,
        "title" : "Untitled",
        "transform" : [
          -0.8020967,
          -6.909678e-09,
          0.59719414,
          0,
          0.09113776,
          0.9882865,
          0.12240813,
          0,
          -0.59019893,
          0.15261018,
          -0.79270136,
          0,
          -0.5066201,
          0.13099894,
          -0.68044615,
          1
        ]
      },
      {
        "date" : 737623829.203529,
        "title" : "Untitled",
        "transform" : [
          -0.7637241,
          -7.679549e-09,
          0.645543,
          0,
          0.04875467,
          0.9971439,
          0.057680484,
          0,
          -0.6436992,
          0.075525284,
          -0.76154274,
          0,
          -0.55254424,
          0.06483012,
          -0.65369993,
          1
        ]
      },
      {
        "date" : 737623543.218857,
        "title" : "Untitled",
        "transform" : [
          -0.42868346,
          -7.26321e-10,
          0.90345484,
          0,
          -0.43624613,
          0.8756952,
          -0.20699579,
          0,
          -0.7911511,
          -0.48286423,
          -0.37539595,
          0,
          -0.67911536,
          -0.41448528,
          -0.32223585,
          1
        ]
      },
      {
        "date" : 737623529.799043,
        "title" : "Untitled",
        "transform" : [
          -0.63356733,
          1.0063772e-10,
          0.77368766,
          0,
          -0.3171259,
          0.91213554,
          -0.25969198,
          0,
          -0.705708,
          -0.40988865,
          -0.5778992,
          0,
          -0.6057719,
          -0.35184386,
          -0.49606237,
          1
        ]
      },
      {
        "date" : 737623522.134511,
        "title" : "Untitled",
        "transform" : [
          -0.20581804,
          6.8808994e-09,
          0.9785902,
          0,
          0.3000561,
          0.95183176,
          0.06310818,
          0,
          -0.9314533,
          0.3066208,
          -0.19590415,
          0,
          -0.79954916,
          0.2631999,
          -0.16816202,
          1
        ]
      },
      {
        "date" : 737623490.208091,
        "title" : "Untitled",
        "transform" : [
          -0.96819085,
          1.31924685e-08,
          -0.25021318,
          0,
          -0.011578226,
          0.99892884,
          0.04480119,
          0,
          0.24994513,
          0.04627314,
          -0.9671537,
          0,
          0.2145502,
          0.03972035,
          -0.83019406,
          1
        ]
      },
      {
        "date" : 737622900.979864,
        "title" : "Untitled",
        "transform" : [
          0.71312886,
          -3.4647503e-09,
          0.7010329,
          0,
          0.2627355,
          0.9271124,
          -0.26726884,
          0,
          -0.6499363,
          0.37478334,
          0.6611506,
          0,
          -0.55789816,
          0.3217099,
          0.5675245,
          1
        ]
      },
      {
        "date" : 737622894.048707,
        "title" : "Untitled",
        "transform" : [
          0.71312886,
          -3.4647503e-09,
          0.7010329,
          0,
          0.26273546,
          0.9271123,
          -0.2672688,
          0,
          -0.6499363,
          0.37478334,
          0.6611506,
          0,
          -0.62145656,
          0.35836062,
          0.63217956,
          1
        ]
      },
      {
        "date" : 737622735.747407,
        "title" : "Untitled",
        "transform" : [
          0.99999994,
          0,
          0,
          0,
          0,
          0.8660254,
          -0.49999988,
          0,
          0,
          0.49999988,
          0.8660254,
          0,
          0,
          0.4780903,
          0.8280769,
          1
        ]
      },
      {
        "date" : 737622707.862393,
        "title" : "Untitled",
        "transform" : [
          0.99999994,
          0,
          -0,
          0,
          -0,
          0.8660254,
          -0.49999988,
          0,
          0,
          0.49999988,
          0.8660254,
          0,
          0,
          0.19627038,
          0.3399503,
          1
        ]
      }
    ],
    "1A981D60-2BBB-422A-AB39-BA3B711220AE" : [
      {
        "date" : 738135071.257224,
        "title" : "Untitled",
        "transform" : [
          0.12952551,
          -4.899675e-08,
          0.9915761,
          0,
          -0.3778519,
          0.92454946,
          0.04935727,
          0,
          -0.916761,
          -0.3810624,
          0.11975262,
          0,
          -1.2563201,
          -0.5222041,
          0.1641078,
          1
        ]
      },
      {
        "date" : 738134673.479442,
        "title" : "Untitled",
        "transform" : [
          0.29669666,
          -4.2839204e-08,
          0.95497173,
          0,
          0.13791026,
          0.98951745,
          -0.04284681,
          0,
          -0.94496137,
          0.14441249,
          0.2935865,
          0,
          -1.2949655,
          0.19790143,
          0.40232798,
          1
        ]
      },
      {
        "date" : 738134670.979861,
        "title" : "Untitled",
        "transform" : [
          0.29669666,
          -4.2839204e-08,
          0.95497173,
          0,
          0.13791026,
          0.98951745,
          -0.04284681,
          0,
          -0.94496137,
          0.14441249,
          0.2935865,
          0,
          -1.5580647,
          0.2381092,
          0.48406923,
          1
        ]
      },
      {
        "date" : 738134666.480961,
        "title" : "Untitled",
        "transform" : [
          -0.4047028,
          -2.0453376e-08,
          0.9144481,
          0,
          0.91220635,
          0.06998007,
          0.4037107,
          0,
          -0.063993536,
          0.9975484,
          -0.02832135,
          0,
          -0.105513364,
          1.644771,
          -0.046696693,
          1
        ]
      },
      {
        "date" : 738134638.967154,
        "title" : "Untitled",
        "transform" : [
          0.5492537,
          -3.9554955e-08,
          0.8356556,
          0,
          -0.002129705,
          0.99999666,
          0.0013998402,
          0,
          -0.835653,
          -0.0025490024,
          0.54925185,
          0,
          -1.377836,
          -0.004202843,
          0.9056138,
          1
        ]
      },
      {
        "date" : 738134630.795502,
        "title" : "Untitled",
        "transform" : [
          0.14900644,
          -2.347129e-08,
          0.9888362,
          0,
          -0.70851785,
          0.69756967,
          0.10676568,
          0,
          -0.6897819,
          -0.71651727,
          0.10394224,
          0,
          -1.1373217,
          -1.1814033,
          0.17138125,
          1
        ]
      },
      {
        "date" : 738134565.187591,
        "title" : "Untitled",
        "transform" : [
          0.17789654,
          -3.1092696e-08,
          0.9840492,
          0,
          0.5110694,
          0.8545594,
          -0.092391126,
          0,
          -0.8409289,
          0.5193531,
          0.15202317,
          0,
          -1.3865348,
          0.8563163,
          0.25065774,
          1
        ]
      },
      {
        "date" : 738134551.110009,
        "title" : "Untitled",
        "transform" : [
          -0.24878871,
          -3.128783e-08,
          0.9685578,
          0,
          0.5200906,
          0.8435987,
          0.1335932,
          0,
          -0.81707436,
          0.5369738,
          -0.20987798,
          0,
          -1.3472031,
          0.88536954,
          -0.34604976,
          1
        ]
      },
      {
        "date" : 738134543.560137,
        "title" : "Untitled",
        "transform" : [
          -0.42137146,
          -3.3241193e-08,
          0.9068881,
          0,
          -0.06634731,
          0.99732035,
          -0.030827185,
          0,
          -0.9044579,
          -0.07315989,
          -0.42024243,
          0,
          -1.4912821,
          -0.12062696,
          -0.6929014,
          1
        ]
      },
      {
        "date" : 738134522.691076,
        "title" : "Untitled",
        "transform" : [
          0.911266,
          -2.922157e-08,
          0.4118181,
          0,
          0.15907578,
          0.92238295,
          -0.3520009,
          0,
          -0.37985405,
          0.38627622,
          0.8405364,
          0,
          -0.6263085,
          0.63689727,
          1.3858874,
          1
        ]
      }
    ],
    "2A434446-817F-469A-A757-4F6F0ACA62B4" : [
      {
        "date" : 737550338.855129,
        "title" : "Untitled",
        "transform" : [
          0.99999994,
          0,
          0,
          0,
          0,
          0.8660254,
          -0.49999988,
          0,
          0,
          0.49999988,
          0.8660254,
          0,
          0,
          0.529816,
          0.9176684,
          1
        ]
      },
      {
        "date" : 737550269.532007,
        "title" : "Untitled",
        "transform" : [
          0.99999994,
          0,
          -0,
          0,
          -0,
          0.8660254,
          -0.49999988,
          0,
          0,
          0.49999988,
          0.8660254,
          0,
          0,
          0.18633486,
          0.3227415,
          1
        ]
      }
    ],
    "2EDCED87-2173-4D8E-A8B1-81283C950E67" : [
      {
        "date" : 737730011.409814,
        "title" : "Untitled",
        "transform" : [
          -0.5334939,
          -6.2700565e-09,
          0.8458039,
          0,
          0.14773864,
          0.9846266,
          0.09318695,
          0,
          -0.8328006,
          0.17467293,
          -0.5252929,
          0,
          -0.7899908,
          0.16569301,
          -0.49829075,
          1
        ]
      },
      {
        "date" : 737730004.525057,
        "title" : "Untitled",
        "transform" : [
          0.31318355,
          -7.361823e-09,
          0.9496926,
          0,
          0.32322147,
          0.9403013,
          -0.106589675,
          0,
          -0.8929973,
          0.3403435,
          0.29448617,
          0,
          -0.8470935,
          0.3228474,
          0.27934802,
          1
        ]
      },
      {
        "date" : 737730000.526247,
        "title" : "Untitled",
        "transform" : [
          0.5817826,
          1.492222e-08,
          0.81334436,
          0,
          -0.49054646,
          0.7976482,
          0.3508866,
          0,
          -0.6487633,
          -0.6031227,
          0.46405745,
          0,
          -0.6154134,
          -0.5721201,
          0.44020212,
          1
        ]
      },
      {
        "date" : 737729998.544362,
        "title" : "Untitled",
        "transform" : [
          0.55197346,
          1.0268771e-08,
          0.83386165,
          0,
          -0.2876926,
          0.93859804,
          0.19043799,
          0,
          -0.78266144,
          -0.34501228,
          0.5180808,
          0,
          -0.7424288,
          -0.32727787,
          0.49144852,
          1
        ]
      },
      {
        "date" : 737724752.927553,
        "title" : "Untitled",
        "transform" : [
          0.4362819,
          1.0320436e-08,
          0.89981,
          0,
          0.108267024,
          0.99273485,
          -0.05249407,
          0,
          -0.89327306,
          0.12032232,
          0.4331117,
          0,
          -0.8473548,
          0.114136264,
          0.41084749,
          1
        ]
      },
      {
        "date" : 737723674.015489,
        "title" : "Untitled",
        "transform" : [
          -0.8491764,
          -4.9095092e-09,
          0.5281093,
          0,
          0.16343707,
          0.9509072,
          0.26280004,
          0,
          -0.5021824,
          0.30947644,
          -0.80748826,
          0,
          -0.4763677,
          0.29356706,
          -0.7659798,
          1
        ]
      },
      {
        "date" : 737723671.826159,
        "title" : "Untitled",
        "transform" : [
          -0.1958037,
          -6.160728e-09,
          0.9806431,
          0,
          0.6479016,
          0.7506584,
          0.1293659,
          0,
          -0.73612773,
          0.6606907,
          -0.14698222,
          0,
          -0.6982877,
          0.6267274,
          -0.13942702,
          1
        ]
      },
      {
        "date" : 737723668.157833,
        "title" : "Untitled",
        "transform" : [
          -0.19580373,
          -6.160729e-09,
          0.9806432,
          0,
          0.6479016,
          0.7506584,
          0.1293659,
          0,
          -0.73612773,
          0.6606907,
          -0.14698222,
          0,
          -0.47139713,
          0.4230885,
          -0.09412381,
          1
        ]
      },
      {
        "date" : 737723664.83639,
        "title" : "Untitled",
        "transform" : [
          -0.23849863,
          -1.0366137e-09,
          0.9711429,
          0,
          0.31057942,
          0.9474823,
          0.076274045,
          0,
          -0.92014045,
          0.31980845,
          -0.22597373,
          0,
          -0.5892338,
          0.20479636,
          -0.14470786,
          1
        ]
      },
      {
        "date" : 737723655.405181,
        "title" : "Untitled",
        "transform" : [
          -0.3443686,
          -1.2876438e-09,
          0.9388346,
          0,
          0.28033403,
          0.95437896,
          0.10282797,
          0,
          -0.8960037,
          0.2985982,
          -0.32865864,
          0,
          -0.7256536,
          0.2418273,
          -0.26617366,
          1
        ]
      }
    ],
    "2FE1D217-FADD-484E-9EAE-B90AA05E4241" : [
      {
        "date" : 737591492.215477,
        "title" : "Untitled",
        "transform" : [
          0.99999994,
          0,
          -0,
          0,
          -0,
          0.8660254,
          -0.49999988,
          0,
          0,
          0.49999988,
          0.8660254,
          0,
          0,
          0.18633486,
          0.3227415,
          1
        ]
      }
    ],
    "6A96437E-6FDD-4ABF-8F8D-EA914AFD7954" : [
      {
        "date" : 737701096.367722,
        "title" : "Untitled",
        "transform" : [
          0.52199745,
          -2.9020812e-09,
          -0.85294706,
          0,
          -0.12928772,
          0.98844534,
          -0.07912315,
          0,
          0.8430916,
          0.15157767,
          0.51596594,
          0,
          0.78943086,
          0.1800751,
          0.5791217,
          1
        ]
      },
      {
        "date" : 737700356.716338,
        "title" : "Untitled",
        "transform" : [
          0.5224608,
          -3.451776e-08,
          -0.8526633,
          0,
          -0.2015684,
          0.97165626,
          -0.12350905,
          0,
          0.82849556,
          0.23639873,
          0.50765234,
          0,
          0.9210894,
          0.2101074,
          0.67570555,
          1
        ]
      },
      {
        "date" : 737700351.149076,
        "title" : "Untitled",
        "transform" : [
          0.5224608,
          -3.451776e-08,
          -0.8526633,
          0,
          -0.2015684,
          0.97165626,
          -0.12350905,
          0,
          0.82849556,
          0.23639873,
          0.50765234,
          0,
          0.8351406,
          0.19050182,
          0.61265403,
          1
        ]
      },
      {
        "date" : 737699727.471351,
        "title" : "Untitled",
        "transform" : [
          0.5224608,
          -3.451776e-08,
          -0.8526633,
          0,
          -0.2015684,
          0.97165626,
          -0.12350905,
          0,
          0.82849556,
          0.23639873,
          0.50765234,
          0,
          0.788073,
          0.17976534,
          0.57812554,
          1
        ]
      },
      {
        "date" : 737699719.172549,
        "title" : "Untitled",
        "transform" : [
          0.5224608,
          -3.451776e-08,
          -0.8526633,
          0,
          -0.2015684,
          0.97165626,
          -0.12350905,
          0,
          0.82849556,
          0.23639873,
          0.50765234,
          0,
          0.73333836,
          0.16644427,
          0.5356731,
          1
        ]
      },
      {
        "date" : 737699717.285253,
        "title" : "Untitled",
        "transform" : [
          0.9647554,
          -3.16807e-08,
          0.26314825,
          0,
          0.004216561,
          0.9998717,
          -0.015458627,
          0,
          -0.2631145,
          0.01602349,
          0.96463144,
          0,
          -0.31299707,
          -0.037521876,
          0.86778986,
          1
        ]
      },
      {
        "date" : 737699362.052885,
        "title" : "Untitled",
        "transform" : [
          0.8201626,
          -3.1657102e-08,
          0.5721305,
          0,
          0.2441657,
          0.90436226,
          -0.35001725,
          0,
          -0.5174132,
          0.42676577,
          0.74172395,
          0,
          -0.5485541,
          0.34487936,
          0.6577089,
          1
        ]
      },
      {
        "date" : 737699354.368656,
        "title" : "Untitled",
        "transform" : [
          0.6831255,
          -2.3698668e-08,
          0.730301,
          0,
          -0.011275666,
          0.99988085,
          0.010547303,
          0,
          -0.730214,
          -0.015439664,
          0.68304396,
          0,
          -0.72065187,
          -0.06643228,
          0.57330793,
          1
        ]
      },
      {
        "date" : 737699343.317154,
        "title" : "Untitled",
        "transform" : [
          0.7158449,
          -8.692432e-09,
          0.6982592,
          0,
          0.3411411,
          0.87253064,
          -0.34973285,
          0,
          -0.60925263,
          0.4885595,
          0.6245966,
          0,
          -0.6303292,
          0.4033218,
          0.54078734,
          1
        ]
      },
      {
        "date" : 737699270.313045,
        "title" : "Untitled",
        "transform" : [
          0.5639695,
          -2.2350847e-08,
          0.8257956,
          0,
          0.06609681,
          0.99679166,
          -0.045140192,
          0,
          -0.82314616,
          0.080040224,
          0.5621599,
          0,
          -0.80131453,
          0.0214609,
          0.4581142,
          1
        ]
      }
    ],
    "9BC2DFD2-9AAA-4AD7-AF75-D7CB085F9480" : [
      {
        "date" : 737773631.412211,
        "title" : "Untitled",
        "transform" : [
          0.99999994,
          0,
          0,
          0,
          0,
          0.8660254,
          -0.49999994,
          0,
          0,
          0.49999994,
          0.8660254,
          0,
          0,
          0.4519409,
          0.78278494,
          1
        ]
      },
      {
        "date" : 737773615.371487,
        "title" : "Untitled",
        "transform" : [
          0.99999994,
          0,
          -0,
          0,
          -0,
          0.8660254,
          -0.49999994,
          0,
          0,
          0.49999994,
          0.8660254,
          0,
          0,
          0.2593826,
          0.4492639,
          1
        ]
      }
    ],
    "9F44B826-6772-4DC5-88D0-D1CF1B431800" : [
      {
        "date" : 738060730.418133,
        "title" : "Untitled",
        "transform" : [
          0.9999735,
          -1.6206796e-08,
          -0.007290163,
          0,
          -0.00014778553,
          0.9997946,
          -0.020268625,
          0,
          0.0072888113,
          0.020269074,
          0.999768,
          0,
          0.008185388,
          0.022762733,
          1.1227655,
          1
        ]
      },
      {
        "date" : 738060619.77406,
        "title" : "Untitled",
        "transform" : [
          0.9999735,
          -1.6206796e-08,
          -0.007290163,
          0,
          -0.00014778551,
          0.9997945,
          -0.020268623,
          0,
          0.0072888113,
          0.020269074,
          0.999768,
          0,
          0.012311559,
          0.034237206,
          1.6887399,
          1
        ]
      },
      {
        "date" : 738060614.674019,
        "title" : "Untitled",
        "transform" : [
          0.99993426,
          -1.6159321e-08,
          0.011460199,
          0,
          -0.0005583932,
          0.9988123,
          0.048719607,
          0,
          -0.011446445,
          -0.0487229,
          0.9987468,
          0,
          -0.019334756,
          -0.08229932,
          1.6870148,
          1
        ]
      },
      {
        "date" : 738060589.247274,
        "title" : "Untitled",
        "transform" : [
          0.9999997,
          -1.6158058e-08,
          0.0007191114,
          0,
          4.2477743e-05,
          0.9982522,
          -0.059097555,
          0,
          -0.00071770954,
          0.05909748,
          0.99825203,
          0,
          -0.0012125071,
          0.0998235,
          1.686179,
          1
        ]
      },
      {
        "date" : 738060587.229506,
        "title" : "Untitled",
        "transform" : [
          0.98800814,
          -1.6195358e-08,
          -0.15440166,
          0,
          -0.0008745411,
          0.99998397,
          -0.0055960203,
          0,
          0.15439934,
          0.0056638466,
          0.98799235,
          0,
          0.2608006,
          0.009567056,
          1.6688492,
          1
        ]
      },
      {
        "date" : 738060536.867589,
        "title" : "Untitled",
        "transform" : [
          0.99962,
          -1.614659e-08,
          -0.027564617,
          0,
          -0.0029393656,
          0.99429834,
          -0.10659421,
          0,
          0.0274076,
          0.10663463,
          0.9939205,
          0,
          0.061421547,
          0.23897365,
          2.2274253,
          1
        ]
      },
      {
        "date" : 738060534.137443,
        "title" : "Untitled",
        "transform" : [
          0.997611,
          -1.6038445e-08,
          0.06908283,
          0,
          0.0040364,
          0.9982916,
          -0.058289118,
          0,
          -0.06896465,
          0.0584286,
          0.99590665,
          0,
          -0.15455347,
          0.13094155,
          2.2318764,
          1
        ]
      },
      {
        "date" : 738060526.169558,
        "title" : "Untitled",
        "transform" : [
          0.999595,
          -1.6115381e-08,
          0.028459497,
          0,
          0.0010476268,
          0.99932224,
          -0.03679694,
          0,
          -0.028440053,
          0.036811743,
          0.99891746,
          0,
          -0.063735865,
          0.0824971,
          2.2386236,
          1
        ]
      },
      {
        "date" : 738060521.866974,
        "title" : "Untitled",
        "transform" : [
          0.974097,
          -1.610748e-08,
          0.22612996,
          0,
          0.03551145,
          0.9875923,
          -0.15297228,
          0,
          -0.22332408,
          0.15703997,
          0.96201086,
          0,
          -0.5004806,
          0.3519345,
          2.1559138,
          1
        ]
      },
      {
        "date" : 738060483.333755,
        "title" : "Untitled",
        "transform" : [
          0.98229766,
          -1.3827448e-08,
          -0.18732682,
          0,
          0.005539281,
          0.99956274,
          0.029046785,
          0,
          0.18724504,
          -0.029570334,
          0.9818681,
          0,
          0.41962513,
          -0.06626844,
          2.200415,
          1
        ]
      }
    ],
    "036FA7CE-56F1-4106-ABD4-3F2DD5A1C008" : [
      {
        "date" : 737622443.652982,
        "title" : "Untitled",
        "transform" : [
          0.9977567,
          -3.4737642e-08,
          0.06694519,
          0,
          -0.004186859,
          0.99804217,
          0.062402837,
          0,
          -0.06681415,
          -0.062543094,
          0.99580324,
          0,
          -0.06728804,
          -0.041709866,
          1.0833932,
          1
        ]
      },
      {
        "date" : 737619136.060129,
        "title" : "Untitled",
        "transform" : [
          0.3956388,
          -2.9746332e-08,
          -0.9184062,
          0,
          0.44977203,
          0.87187356,
          0.1937565,
          0,
          0.80073404,
          -0.48973107,
          0.34494698,
          0,
          0.88350195,
          -0.50892836,
          0.37473264,
          1
        ]
      },
      {
        "date" : 737619112.391236,
        "title" : "Untitled",
        "transform" : [
          0.6894105,
          -3.196144e-08,
          -0.7243709,
          0,
          -0.17624198,
          0.9699502,
          -0.16773613,
          0,
          0.7026037,
          0.24330354,
          0.66869384,
          0,
          0.76208156,
          0.28968686,
          0.717859,
          1
        ]
      },
      {
        "date" : 737613428.260528,
        "title" : "Untitled",
        "transform" : [
          0.9203412,
          -3.320121e-08,
          -0.3911166,
          0,
          -0.03335657,
          0.99635655,
          -0.07849199,
          0,
          0.38969153,
          0.085285634,
          0.91698796,
          0,
          0.42727137,
          0.1187806,
          0.9916344,
          1
        ]
      },
      {
        "date" : 737613426.176369,
        "title" : "Untitled",
        "transform" : [
          0.99521685,
          -3.439919e-08,
          0.09769069,
          0,
          -0.00036557222,
          0.99999297,
          0.0037252002,
          0,
          -0.097690046,
          -0.0037431824,
          0.9952098,
          0,
          -0.10073122,
          0.02219515,
          1.0813737,
          1
        ]
      },
      {
        "date" : 737613400.475827,
        "title" : "Untitled",
        "transform" : [
          0.83410823,
          -3.2240393e-08,
          0.5516009,
          0,
          -0.22421509,
          0.9136593,
          0.33904904,
          0,
          -0.50397533,
          -0.40648094,
          0.76209074,
          0,
          -0.548684,
          -0.41742545,
          0.83947027,
          1
        ]
      },
      {
        "date" : 737613392.87158,
        "title" : "Untitled",
        "transform" : [
          0.99759364,
          -2.9148525e-08,
          0.06933319,
          0,
          0.004823753,
          0.99757683,
          -0.06940497,
          0,
          -0.069165275,
          0.06957234,
          0.9951763,
          0,
          -0.06960561,
          0.10174879,
          1.0792639,
          1
        ]
      },
      {
        "date" : 737613144.946514,
        "title" : "Untitled",
        "transform" : [
          -0.4668836,
          -1.7959476e-08,
          -0.8843188,
          0,
          0.124947116,
          0.989968,
          -0.06596694,
          0,
          0.8754473,
          -0.14129202,
          -0.46219975,
          0,
          0.9514571,
          -0.12743936,
          -0.5084257,
          1
        ]
      },
      {
        "date" : 737613099.871016,
        "title" : "Untitled",
        "transform" : [
          -0.51182675,
          -1.1777382e-08,
          -0.8590888,
          0,
          0.3190315,
          0.92848885,
          -0.19007221,
          0,
          0.7976543,
          -0.37136042,
          -0.47522533,
          0,
          0.8718322,
          -0.37889683,
          -0.5256939,
          1
        ]
      },
      {
        "date" : 737613080.382936,
        "title" : "Untitled",
        "transform" : [
          0.59154314,
          2.9824214e-09,
          0.80627334,
          0,
          -0.09736479,
          0.9926819,
          0.07143421,
          0,
          -0.8003729,
          -0.12075906,
          0.5872141,
          0,
          -0.8685338,
          -0.105070315,
          0.64390796,
          1
        ]
      }
    ],
    "242C7444-8DFB-4DC0-8AB8-9ADB23E4B747" : [
      {
        "date" : 738138793.488329,
        "title" : "Untitled",
        "transform" : [
          -0.18387507,
          6.886136e-10,
          -0.9829496,
          0,
          0.61072195,
          0.78356034,
          -0.11424438,
          0,
          0.7702004,
          -0.6213158,
          -0.14407697,
          0,
          0.74691004,
          -0.6025272,
          -0.13972054,
          1
        ]
      },
      {
        "date" : 738138291.618708,
        "title" : "Untitled",
        "transform" : [
          0.26969567,
          -8.103589e-10,
          -0.9629456,
          0,
          0.08755004,
          0.9958584,
          0.024520542,
          0,
          0.9589574,
          -0.09091916,
          0.26857895,
          0,
          0.929959,
          -0.08816947,
          0.26045686,
          1
        ]
      },
      {
        "date" : 738138288.456352,
        "title" : "Untitled",
        "transform" : [
          0.15537548,
          3.7833514e-10,
          -0.9878555,
          0,
          -0.14418681,
          0.98929065,
          -0.02267843,
          0,
          0.977276,
          0.14595923,
          0.1537118,
          0,
          0.9477238,
          0.14154583,
          0.14906323,
          1
        ]
      },
      {
        "date" : 738138282.655954,
        "title" : "Untitled",
        "transform" : [
          0.026252756,
          -3.1439704e-10,
          -0.99965537,
          0,
          -0.25612384,
          0.9666206,
          -0.0067261946,
          0,
          0.96628743,
          0.25621194,
          0.02537677,
          0,
          0.9370674,
          0.24846457,
          0.02460899,
          1
        ]
      },
      {
        "date" : 738138277.703576,
        "title" : "Untitled",
        "transform" : [
          -0.48244998,
          -2.8508929e-10,
          -0.8759235,
          0,
          -0.19465993,
          0.9749934,
          0.10721686,
          0,
          0.8540198,
          0.22223377,
          -0.47038528,
          0,
          0.8281945,
          0.21551389,
          -0.45616144,
          1
        ]
      },
      {
        "date" : 738138274.455266,
        "title" : "Untitled",
        "transform" : [
          -0.9637798,
          -1.6525068e-08,
          -0.26669893,
          0,
          0.050453085,
          0.98194313,
          -0.18232392,
          0,
          0.26188356,
          -0.18917614,
          -0.946377,
          0,
          0.253964,
          -0.18345524,
          -0.9177593,
          1
        ]
      },
      {
        "date" : 738138269.420804,
        "title" : "Untitled",
        "transform" : [
          -0.97542775,
          -1.4548417e-08,
          -0.22031938,
          0,
          0.13368338,
          0.7948772,
          -0.5918608,
          0,
          0.17512715,
          -0.60677063,
          -0.775345,
          0,
          0.16983108,
          -0.588422,
          -0.7518993,
          1
        ]
      },
      {
        "date" : 738138261.366789,
        "title" : "Untitled",
        "transform" : [
          -0.7011647,
          -1.4824707e-08,
          0.71299934,
          0,
          -0.38773155,
          0.83921254,
          -0.38129595,
          0,
          -0.5983576,
          -0.54380375,
          -0.58842635,
          0,
          -0.58026403,
          -0.5273592,
          -0.5706325,
          1
        ]
      },
      {
        "date" : 738138247.932048,
        "title" : "Untitled",
        "transform" : [
          -0.6847689,
          -1.3068142e-08,
          0.7287603,
          0,
          -0.56374335,
          0.633717,
          -0.52971333,
          0,
          -0.46182737,
          -0.7735651,
          -0.43394986,
          0,
          -0.44786248,
          -0.75017273,
          -0.42082733,
          1
        ]
      },
      {
        "date" : 738138241.867343,
        "title" : "Untitled",
        "transform" : [
          -0.6075666,
          -1.2498459e-08,
          0.7942687,
          0,
          -0.5958312,
          0.6612526,
          -0.45577422,
          0,
          -0.5252119,
          -0.75016344,
          -0.4017552,
          0,
          -0.5093303,
          -0.7274786,
          -0.38960618,
          1
        ]
      }
    ],
    "245EC209-D613-4B46-8F79-75F5785E1EA1" : [
      {
        "date" : 737619573.888653,
        "title" : "Untitled",
        "transform" : [
          0.99780744,
          1.3872192e-09,
          0.066185035,
          0,
          0.022713104,
          0.9392708,
          -0.3424241,
          0,
          -0.0621657,
          0.34317636,
          0.9372115,
          0,
          -0.08479291,
          0.36790782,
          1.2783418,
          1
        ]
      },
      {
        "date" : 737595135.829198,
        "title" : "Untitled",
        "transform" : [
          0.9769858,
          -8.3240614e-10,
          -0.21330461,
          0,
          -0.12549917,
          0.8086016,
          -0.57481587,
          0,
          0.17247847,
          0.5883563,
          0.78999245,
          0,
          0.24113727,
          0.7061957,
          1.1044656,
          1
        ]
      },
      {
        "date" : 737595132.078944,
        "title" : "Untitled",
        "transform" : [
          0.9532769,
          -1.7786705e-09,
          -0.30209848,
          0,
          -0.13993387,
          0.88625056,
          -0.44156355,
          0,
          0.26773497,
          0.4632059,
          0.8448423,
          0,
          0.369149,
          0.5324886,
          1.1648556,
          1
        ]
      },
      {
        "date" : 737595065.564809,
        "title" : "Untitled",
        "transform" : [
          0.9890065,
          6.1621286e-10,
          0.1478723,
          0,
          0.1239532,
          0.54529345,
          -0.82902986,
          0,
          -0.08063386,
          0.838245,
          0.53929895,
          0,
          -0.11887454,
          1.0632252,
          0.7950627,
          1
        ]
      },
      {
        "date" : 737595062.441403,
        "title" : "Untitled",
        "transform" : [
          0.96844614,
          -2.4257085e-09,
          0.24922296,
          0,
          -0.19890937,
          0.6025011,
          0.77293444,
          0,
          -0.15015706,
          -0.79811835,
          0.5834896,
          0,
          -0.18093304,
          -1.1178749,
          0.7030811,
          1
        ]
      },
      {
        "date" : 737595060.791186,
        "title" : "Untitled",
        "transform" : [
          0.9684461,
          -7.9492324e-10,
          0.24922296,
          0,
          -0.1992776,
          0.6005388,
          0.7743653,
          0,
          -0.14966804,
          -0.79959583,
          0.5815893,
          0,
          -0.18024816,
          -1.1196548,
          0.7004198,
          1
        ]
      },
      {
        "date" : 737594886.521773,
        "title" : "Untitled",
        "transform" : [
          0.9979456,
          -6.4537486e-10,
          -0.064066984,
          0,
          0.05747944,
          0.44167003,
          0.8953344,
          0,
          0.028296439,
          -0.89717764,
          0.44076237,
          0,
          0.03221462,
          -1.2344513,
          0.50179297,
          1
        ]
      },
      {
        "date" : 737594885.369096,
        "title" : "Untitled",
        "transform" : [
          0.94437164,
          1.5274924e-08,
          -0.32888037,
          0,
          0.29520777,
          0.44078127,
          0.84768176,
          0,
          0.14496416,
          -0.89761466,
          0.4162611,
          0,
          0.16496746,
          -1.2349488,
          0.4736998,
          1
        ]
      },
      {
        "date" : 737594878.000024,
        "title" : "Untitled",
        "transform" : [
          -0.99892306,
          3.7426204e-09,
          0.046398003,
          0,
          -0.002593029,
          0.99843717,
          -0.055826824,
          0,
          -0.04632548,
          -0.055887375,
          -0.9973619,
          0,
          -0.061350685,
          -0.16825664,
          -1.3208447,
          1
        ]
      },
      {
        "date" : 737594871.431272,
        "title" : "Untitled",
        "transform" : [
          0.04625181,
          1.0507718e-09,
          0.9989298,
          0,
          0.5416466,
          0.84023213,
          -0.02507901,
          0,
          -0.8393332,
          0.5422266,
          0.038862273,
          0,
          -1.1669484,
          0.6418854,
          0.054031342,
          1
        ]
      }
    ],
    "4963A270-5B71-4F27-B026-2C5D0B381753" : [
      {
        "date" : 737596430.823376,
        "title" : "Untitled",
        "transform" : [
          0.99999994,
          0,
          -0,
          0,
          -0,
          0.8660254,
          -0.49999988,
          0,
          0,
          0.49999988,
          0.8660254,
          0,
          2.235174e-08,
          0.51522446,
          1.0659289,
          1
        ]
      },
      {
        "date" : 737591748.520601,
        "title" : "Untitled",
        "transform" : [
          0.99999994,
          0,
          -0,
          0,
          -0,
          0.8660254,
          -0.49999988,
          0,
          0,
          0.49999988,
          0.8660254,
          0,
          1.490116e-08,
          0.5833137,
          1.1985202,
          1
        ]
      },
      {
        "date" : 737591738.755315,
        "title" : "Untitled",
        "transform" : [
          0.99999994,
          0,
          0,
          0,
          0,
          0.8660254,
          -0.49999988,
          0,
          0,
          0.49999988,
          0.8660254,
          0,
          0,
          0.46934223,
          0.81292474,
          1
        ]
      },
      {
