{
  "advancedEditorSelectedIdentifier" : "ShaderGraphEditorPluginID",
  "openSceneRelativePaths" : [
    "Ex01.usda",
    "Ex02.usda",
    "Ex03.usda",
    "Ex04.usda",
    "Ex05.usda",
    "Ex05a.usda",
    "Ex06.usda",
    "Ex06a.usda",
    "Ex07.usda",
    "Ex08.usda",
    "Ex06b.usda",
    "Ex09.usda",
    "Ex10.usda",
    "Ex11.usda"
  ],
  "recentIdentifiers" : {
    "1A55FBC1-0B71-445B-A55A-15FFD39A2B77" : [

    ],
    "2EDCED87-2173-4D8E-A8B1-81283C950E67" : [

    ],
    "6A96437E-6FDD-4ABF-8F8D-EA914AFD7954" : [

    ],
    "9BC2DFD2-9AAA-4AD7-AF75-D7CB085F9480" : [

    ],
    "036FA7CE-56F1-4106-ABD4-3F2DD5A1C008" : [

    ],
    "245EC209-D613-4B46-8F79-75F5785E1EA1" : [

    ],
    "4963A270-5B71-4F27-B026-2C5D0B381753" : [

    ],
    "A6C12A48-16B6-484B-A0E6-33C0CB56CD80" : [

    ],
    "A15C6DB6-FEC7-4757-8572-BBEE7E7D3C44" : [

    ],
    "A9624CDA-8682-4D4D-85B6-3DE2958A1345" : [

    ],
    "B4C6AF64-EED4-4DC1-9F0E-FD0B4E9F7525" : [

    ],
    "B50C36D0-6F41-4D7A-8236-0A4C0C055A85" : [

    ],
    "BA25A025-756A-4791-983E-D2E709582157" : [

    ],
    "F5809717-57CB-4272-AD8A-0DF1333FF6F4" : [

    ]
  },
  "sceneCameraHistory" : {
    "1A55FBC1-0B71-445B-A55A-15FFD39A2B77" : [
      {
        "date" : 737623842.803343,
        "title" : "Untitled",
        "transform" : [
          -0.8020967,
          -6.909678e-09,
          0.59719414,
          0,
          0.09113776,
          0.9882865,
          0.12240813,
          0,
          -0.59019893,
          0.15261018,
          -0.79270136,
          0,
          -0.5066201,
          0.13099894,
          -0.68044615,
          1
        ]
      },
      {
        "date" : 737623829.203529,
        "title" : "Untitled",
        "transform" : [
          -0.7637241,
          -7.679549e-09,
          0.645543,
          0,
          0.04875467,
          0.9971439,
          0.057680484,
          0,
          -0.6436992,
          0.075525284,
          -0.76154274,
          0,
          -0.55254424,
          0.06483012,
          -0.65369993,
          1
        ]
      },
      {
        "date" : 737623543.218857,
        "title" : "Untitled",
        "transform" : [
          -0.42868346,
          -7.26321e-10,
          0.90345484,
          0,
          -0.43624613,
          0.8756952,
          -0.20699579,
          0,
          -0.7911511,
          -0.48286423,
          -0.37539595,
          0,
          -0.67911536,
          -0.41448528,
          -0.32223585,
          1
        ]
      },
      {
        "date" : 737623529.799043,
        "title" : "Untitled",
        "transform" : [
          -0.63356733,
          1.0063772e-10,
          0.77368766,
          0,
          -0.3171259,
          0.91213554,
          -0.25969198,
          0,
          -0.705708,
          -0.40988865,
          -0.5778992,
          0,
          -0.6057719,
          -0.35184386,
          -0.49606237,
          1
        ]
      },
      {
        "date" : 737623522.134511,
        "title" : "Untitled",
        "transform" : [
          -0.20581804,
          6.8808994e-09,
          0.9785902,
          0,
          0.3000561,
          0.95183176,
          0.06310818,
          0,
          -0.9314533,
          0.3066208,
          -0.19590415,
          0,
          -0.79954916,
          0.2631999,
          -0.16816202,
          1
        ]
      },
      {
        "date" : 737623490.208091,
        "title" : "Untitled",
        "transform" : [
          -0.96819085,
          1.31924685e-08,
          -0.25021318,
          0,
          -0.011578226,
          0.99892884,
          0.04480119,
          0,
          0.24994513,
          0.04627314,
          -0.9671537,
          0,
          0.2145502,
          0.03972035,
          -0.83019406,
          1
        ]
      },
      {
        "date" : 737622900.979864,
        "title" : "Untitled",
        "transform" : [
          0.71312886,
          -3.4647503e-09,
          0.7010329,
          0,
          0.2627355,
          0.9271124,
          -0.26726884,
          0,
          -0.6499363,
          0.37478334,
          0.6611506,
          0,
          -0.55789816,
          0.3217099,
          0.5675245,
          1
        ]
      },
      {
        "date" : 737622894.048707,
        "title" : "Untitled",
        "transform" : [
          0.71312886,
          -3.4647503e-09,
          0.7010329,
          0,
          0.26273546,
          0.9271123,
          -0.2672688,
          0,
          -0.6499363,
          0.37478334,
          0.6611506,
          0,
          -0.62145656,
          0.35836062,
          0.63217956,
          1
        ]
      },
      {
        "date" : 737622735.747407,
        "title" : "Untitled",
        "transform" : [
          0.99999994,
          0,
          0,
          0,
          0,
          0.8660254,
          -0.49999988,
          0,
          0,
          0.49999988,
          0.8660254,
          0,
          0,
          0.4780903,
          0.8280769,
          1
        ]
      },
      {
        "date" : 737622707.862393,
        "title" : "Untitled",
        "transform" : [
          0.99999994,
          0,
          -0,
          0,
          -0,
          0.8660254,
          -0.49999988,
          0,
          0,
          0.49999988,
          0.8660254,
          0,
          0,
          0.19627038,
          0.3399503,
          1
        ]
      }
    ],
    "2A434446-817F-469A-A757-4F6F0ACA62B4" : [
      {
        "date" : 737550338.855129,
        "title" : "Untitled",
        "transform" : [
          0.99999994,
          0,
          0,
          0,
          0,
          0.8660254,
          -0.49999988,
          0,
          0,
          0.49999988,
          0.8660254,
          0,
          0,
          0.529816,
          0.9176684,
          1
        ]
      },
      {
        "date" : 737550269.532007,
        "title" : "Untitled",
        "transform" : [
          0.99999994,
          0,
          -0,
          0,
          -0,
          0.8660254,
          -0.49999988,
          0,
          0,
          0.49999988,
          0.8660254,
          0,
          0,
          0.18633486,
          0.3227415,
          1
        ]
      }
    ],
    "2EDCED87-2173-4D8E-A8B1-81283C950E67" : [
      {
        "date" : 737730011.409814,
        "title" : "Untitled",
        "transform" : [
          -0.5334939,
          -6.2700565e-09,
          0.8458039,
          0,
          0.14773864,
          0.9846266,
          0.09318695,
          0,
          -0.8328006,
          0.17467293,
          -0.5252929,
          0,
          -0.7899908,
          0.16569301,
          -0.49829075,
          1
        ]
      },
      {
        "date" : 737730004.525057,
        "title" : "Untitled",
        "transform" : [
          0.31318355,
          -7.361823e-09,
          0.9496926,
          0,
          0.32322147,
          0.9403013,
          -0.106589675,
          0,
          -0.8929973,
          0.3403435,
          0.29448617,
          0,
          -0.8470935,
          0.3228474,
          0.27934802,
          1
        ]
      },
      {
        "date" : 737730000.526247,
        "title" : "Untitled",
        "transform" : [
          0.5817826,
          1.492222e-08,
          0.81334436,
          0,
          -0.49054646,
          0.7976482,
          0.3508866,
          0,
          -0.6487633,
          -0.6031227,
          0.46405745,
          0,
          -0.6154134,
          -0.5721201,
          0.44020212,
          1
        ]
      },
      {
        "date" : 737729998.544362,
        "title" : "Untitled",
        "transform" : [
          0.55197346,
          1.0268771e-08,
          0.83386165,
          0,
          -0.2876926,
          0.93859804,
          0.19043799,
          0,
          -0.78266144,
          -0.34501228,
          0.5180808,
          0,
          -0.7424288,
          -0.32727787,
          0.49144852,
          1
        ]
      },
      {
        "date" : 737724752.927553,
        "title" : "Untitled",
        "transform" : [
          0.4362819,
          1.0320436e-08,
          0.89981,
          0,
          0.108267024,
          0.99273485,
          -0.05249407,
          0,
          -0.89327306,
          0.12032232,
          0.4331117,
          0,
          -0.8473548,
          0.114136264,
          0.41084749,
          1
        ]
      },
      {
        "date" : 737723674.015489,
        "title" : "Untitled",
        "transform" : [
          -0.8491764,
          -4.9095092e-09,
          0.5281093,
          0,
          0.16343707,
          0.9509072,
          0.26280004,
          0,
          -0.5021824,
          0.30947644,
          -0.80748826,
          0,
          -0.4763677,
          0.29356706,
          -0.7659798,
          1
        ]
      },
      {
        "date" : 737723671.826159,
        "title" : "Untitled",
        "transform" : [
          -0.1958037,
          -6.160728e-09,
          0.9806431,
          0,
          0.6479016,
          0.7506584,
          0.1293659,
          0,
          -0.73612773,
          0.6606907,
          -0.14698222,
          0,
          -0.6982877,
          0.6267274,
          -0.13942702,
          1
        ]
      },
      {
        "date" : 737723668.157833,
        "title" : "Untitled",
        "transform" : [
          -0.19580373,
          -6.160729e-09,
          0.9806432,
          0,
          0.6479016,
          0.7506584,
          0.1293659,
          0,
          -0.73612773,
          0.6606907,
          -0.14698222,
          0,
          -0.47139713,
          0.4230885,
          -0.09412381,
          1
        ]
      },
      {
        "date" : 737723664.83639,
        "title" : "Untitled",
        "transform" : [
          -0.23849863,
          -1.0366137e-09,
          0.9711429,
          0,
          0.31057942,
          0.9474823,
          0.076274045,
          0,
          -0.92014045,
          0.31980845,
          -0.22597373,
          0,
          -0.5892338,
          0.20479636,
          -0.14470786,
          1
        ]
      },
      {
        "date" : 737723655.405181,
        "title" : "Untitled",
        "transform" : [
          -0.3443686,
          -1.2876438e-09,
          0.9388346,
          0,
          0.28033403,
          0.95437896,
          0.10282797,
          0,
          -0.8960037,
          0.2985982,
          -0.32865864,
          0,
          -0.7256536,
          0.2418273,
          -0.26617366,
          1
        ]
      }
    ],
    "2FE1D217-FADD-484E-9EAE-B90AA05E4241" : [
      {
        "date" : 737591492.215477,
        "title" : "Untitled",
        "transform" : [
          0.99999994,
          0,
          -0,
          0,
          -0,
          0.8660254,
          -0.49999988,
          0,
          0,
          0.49999988,
          0.8660254,
          0,
          0,
          0.18633486,
          0.3227415,
          1
        ]
      }
    ],
    "6A96437E-6FDD-4ABF-8F8D-EA914AFD7954" : [
      {
        "date" : 737701096.367722,
        "title" : "Untitled",
        "transform" : [
          0.52199745,
          -2.9020812e-09,
          -0.85294706,
          0,
          -0.12928772,
          0.98844534,
          -0.07912315,
          0,
          0.8430916,
          0.15157767,
          0.51596594,
          0,
          0.78943086,
          0.1800751,
          0.5791217,
          1
        ]
      },
      {
        "date" : 737700356.716338,
        "title" : "Untitled",
        "transform" : [
          0.5224608,
          -3.451776e-08,
          -0.8526633,
          0,
          -0.2015684,
          0.97165626,
          -0.12350905,
          0,
          0.82849556,
          0.23639873,
          0.50765234,
          0,
          0.9210894,
          0.2101074,
          0.67570555,
          1
        ]
      },
      {
        "date" : 737700351.149076,
        "title" : "Untitled",
        "transform" : [
          0.5224608,
          -3.451776e-08,
          -0.8526633,
          0,
          -0.2015684,
          0.97165626,
          -0.12350905,
          0,
          0.82849556,
          0.23639873,
          0.50765234,
          0,
          0.8351406,
          0.19050182,
          0.61265403,
          1
        ]
      },
      {
        "date" : 737699727.471351,
        "title" : "Untitled",
        "transform" : [
          0.5224608,
          -3.451776e-08,
          -0.8526633,
          0,
          -0.2015684,
          0.97165626,
          -0.12350905,
          0,
          0.82849556,
          0.23639873,
          0.50765234,
          0,
          0.788073,
          0.17976534,
          0.57812554,
          1
        ]
      },
      {
        "date" : 737699719.172549,
        "title" : "Untitled",
        "transform" : [
          0.5224608,
          -3.451776e-08,
          -0.8526633,
          0,
          -0.2015684,
          0.97165626,
          -0.12350905,
          0,
          0.82849556,
          0.23639873,
          0.50765234,
          0,
          0.73333836,
          0.16644427,
          0.5356731,
          1
        ]
      },
      {
        "date" : 737699717.285253,
        "title" : "Untitled",
        "transform" : [
          0.9647554,
          -3.16807e-08,
          0.26314825,
          0,
          0.004216561,
          0.9998717,
          -0.015458627,
          0,
          -0.2631145,
          0.01602349,
          0.96463144,
          0,
          -0.31299707,
          -0.037521876,
          0.86778986,
          1
        ]
      },
      {
        "date" : 737699362.052885,
        "title" : "Untitled",
        "transform" : [
          0.8201626,
          -3.1657102e-08,
          0.5721305,
          0,
          0.2441657,
          0.90436226,
          -0.35001725,
          0,
          -0.5174132,
          0.42676577,
          0.74172395,
          0,
          -0.5485541,
          0.34487936,
          0.6577089,
          1
        ]
      },
      {
        "date" : 737699354.368656,
        "title" : "Untitled",
        "transform" : [
          0.6831255,
          -2.3698668e-08,
          0.730301,
          0,
          -0.011275666,
          0.99988085,
          0.010547303,
          0,
          -0.730214,
          -0.015439664,
          0.68304396,
          0,
          -0.72065187,
          -0.06643228,
          0.57330793,
          1
        ]
      },
      {
        "date" : 737699343.317154,
        "title" : "Untitled",
        "transform" : [
          0.7158449,
          -8.692432e-09,
          0.6982592,
          0,
          0.3411411,
          0.87253064,
          -0.34973285,
          0,
          -0.60925263,
          0.4885595,
          0.6245966,
          0,
          -0.6303292,
          0.4033218,
          0.54078734,
          1
        ]
      },
      {
        "date" : 737699270.313045,
        "title" : "Untitled",
        "transform" : [
          0.5639695,
          -2.2350847e-08,
          0.8257956,
          0,
          0.06609681,
          0.99679166,
          -0.045140192,
          0,
          -0.82314616,
          0.080040224,
          0.5621599,
          0,
          -0.80131453,
          0.0214609,
          0.4581142,
          1
        ]
      }
    ],
    "9BC2DFD2-9AAA-4AD7-AF75-D7CB085F9480" : [
      {
        "date" : 737773631.412211,
        "title" : "Untitled",
        "transform" : [
          0.99999994,
          0,
          0,
          0,
          0,
          0.8660254,
          -0.49999994,
          0,
          0,
          0.49999994,
          0.8660254,
          0,
          0,
          0.4519409,
          0.78278494,
          1
        ]
      },
      {
        "date" : 737773615.371487,
        "title" : "Untitled",
        "transform" : [
          0.99999994,
          0,
          -0,
          0,
          -0,
          0.8660254,
          -0.49999994,
          0,
          0,
          0.49999994,
          0.8660254,
          0,
          0,
          0.2593826,
          0.4492639,
          1
        ]
      }
    ],
    "036FA7CE-56F1-4106-ABD4-3F2DD5A1C008" : [
      {
        "date" : 737622443.652982,
        "title" : "Untitled",
        "transform" : [
          0.9977567,
          -3.4737642e-08,
          0.06694519,
          0,
          -0.004186859,
          0.99804217,
          0.062402837,
          0,
          -0.06681415,
          -0.062543094,
          0.99580324,
          0,
          -0.06728804,
          -0.041709866,
          1.0833932,
          1
        ]
      },
      {
        "date" : 737619136.060129,
        "title" : "Untitled",
        "transform" : [
          0.3956388,
          -2.9746332e-08,
          -0.9184062,
          0,
          0.44977203,
          0.87187356,
          0.1937565,
          0,
          0.80073404,
          -0.48973107,
          0.34494698,
          0,
          0.88350195,
          -0.50892836,
          0.37473264,
          1
        ]
      },
      {
        "date" : 737619112.391236,
        "title" : "Untitled",
        "transform" : [
          0.6894105,
          -3.196144e-08,
          -0.7243709,
          0,
          -0.17624198,
          0.9699502,
          -0.16773613,
          0,
          0.7026037,
          0.24330354,
          0.66869384,
          0,
          0.76208156,
          0.28968686,
          0.717859,
          1
        ]
      },
      {
        "date" : 737613428.260528,
        "title" : "Untitled",
        "transform" : [
          0.9203412,
          -3.320121e-08,
          -0.3911166,
          0,
          -0.03335657,
          0.99635655,
          -0.07849199,
          0,
          0.38969153,
          0.085285634,
          0.91698796,
          0,
          0.42727137,
          0.1187806,
          0.9916344,
          1
        ]
      },
      {
        "date" : 737613426.176369,
        "title" : "Untitled",
        "transform" : [
          0.99521685,
          -3.439919e-08,
          0.09769069,
          0,
          -0.00036557222,
          0.99999297,
          0.0037252002,
          0,
          -0.097690046,
          -0.0037431824,
          0.9952098,
          0,
          -0.10073122,
          0.02219515,
          1.0813737,
          1
        ]
      },
      {
        "date" : 737613400.475827,
        "title" : "Untitled",
        "transform" : [
          0.83410823,
          -3.2240393e-08,
          0.5516009,
          0,
          -0.22421509,
          0.9136593,
          0.33904904,
          0,
          -0.50397533,
          -0.40648094,
          0.76209074,
          0,
          -0.548684,
          -0.41742545,
          0.83947027,
          1
        ]
      },
      {
        "date" : 737613392.87158,
        "title" : "Untitled",
        "transform" : [
          0.99759364,
          -2.9148525e-08,
          0.06933319,
          0,
          0.004823753,
          0.99757683,
          -0.06940497,
          0,
          -0.069165275,
          0.06957234,
          0.9951763,
          0,
          -0.06960561,
          0.10174879,
          1.0792639,
          1
        ]
      },
      {
        "date" : 737613144.946514,
        "title" : "Untitled",
        "transform" : [
          -0.4668836,
          -1.7959476e-08,
          -0.8843188,
          0,
          0.124947116,
          0.989968,
          -0.06596694,
          0,
          0.8754473,
          -0.14129202,
          -0.46219975,
          0,
          0.9514571,
          -0.12743936,
          -0.5084257,
          1
        ]
      },
      {
        "date" : 737613099.871016,
        "title" : "Untitled",
        "transform" : [
          -0.51182675,
          -1.1777382e-08,
          -0.8590888,
          0,
          0.3190315,
          0.92848885,
          -0.19007221,
          0,
          0.7976543,
          -0.37136042,
          -0.47522533,
          0,
          0.8718322,
          -0.37889683,
          -0.5256939,
          1
        ]
      },
      {
        "date" : 737613080.382936,
        "title" : "Untitled",
        "transform" : [
          0.59154314,
          2.9824214e-09,
          0.80627334,
          0,
          -0.09736479,
          0.9926819,
          0.07143421,
          0,
          -0.8003729,
          -0.12075906,
          0.5872141,
          0,
          -0.8685338,
          -0.105070315,
          0.64390796,
          1
        ]
      }
    ],
    "245EC209-D613-4B46-8F79-75F5785E1EA1" : [
      {
        "date" : 737619573.888653,
        "title" : "Untitled",
        "transform" : [
          0.99780744,
          1.3872192e-09,
          0.066185035,
          0,
          0.022713104,
          0.9392708,
          -0.3424241,
          0,
          -0.0621657,
          0.34317636,
          0.9372115,
          0,
          -0.08479291,
          0.36790782,
          1.2783418,
          1
        ]
      },
      {
        "date" : 737595135.829198,
        "title" : "Untitled",
        "transform" : [
          0.9769858,
          -8.3240614e-10,
          -0.21330461,
          0,
          -0.12549917,
          0.8086016,
          -0.57481587,
          0,
          0.17247847,
          0.5883563,
          0.78999245,
          0,
          0.24113727,
          0.7061957,
          1.1044656,
          1
        ]
      },
      {
        "date" : 737595132.078944,
        "title" : "Untitled",
        "transform" : [
          0.9532769,
          -1.7786705e-09,
          -0.30209848,
          0,
          -0.13993387,
          0.88625056,
          -0.44156355,
          0,
          0.26773497,
          0.4632059,
          0.8448423,
          0,
          0.369149,
          0.5324886,
          1.1648556,
          1
        ]
      },
      {
        "date" : 737595065.564809,
        "title" : "Untitled",
        "transform" : [
          0.9890065,
          6.1621286e-10,
          0.1478723,
          0,
          0.1239532,
          0.54529345,
          -0.82902986,
          0,
          -0.08063386,
          0.838245,
          0.53929895,
          0,
          -0.11887454,
          1.0632252,
          0.7950627,
          1
        ]
      },
      {
        "date" : 737595062.441403,
        "title" : "Untitled",
        "transform" : [
          0.96844614,
          -2.4257085e-09,
          0.24922296,
          0,
          -0.19890937,
          0.6025011,
          0.77293444,
          0,
          -0.15015706,
          -0.79811835,
          0.5834896,
          0,
          -0.18093304,
          -1.1178749,
          0.7030811,
          1
        ]
      },
      {
        "date" : 737595060.791186,
        "title" : "Untitled",
        "transform" : [
          0.9684461,
          -7.9492324e-10,
          0.24922296,
          0,
          -0.1992776,
          0.6005388,
          0.7743653,
          0,
          -0.14966804,
          -0.79959583,
          0.5815893,
          0,
          -0.18024816,
          -1.1196548,
          0.7004198,
          1
        ]
      },
      {
        "date" : 737594886.521773,
        "title" : "Untitled",
        "transform" : [
          0.9979456,
          -6.4537486e-10,
          -0.064066984,
          0,
          0.05747944,
          0.44167003,
          0.8953344,
          0,
          0.028296439,
          -0.89717764,
          0.44076237,
          0,
          0.03221462,
          -1.2344513,
          0.50179297,
          1
        ]
      },
      {
        "date" : 737594885.369096,
        "title" : "Untitled",
        "transform" : [
          0.94437164,
          1.5274924e-08,
          -0.32888037,
          0,
          0.29520777,
          0.44078127,
          0.84768176,
          0,
          0.14496416,
          -0.89761466,
          0.4162611,
          0,
          0.16496746,
          -1.2349488,
          0.4736998,
          1
        ]
      },
      {
        "date" : 737594878.000024,
        "title" : "Untitled",
        "transform" : [
          -0.99892306,
          3.7426204e-09,
          0.046398003,
          0,
          -0.002593029,
          0.99843717,
          -0.055826824,
          0,
          -0.04632548,
          -0.055887375,
          -0.9973619,
          0,
          -0.061350685,
          -0.16825664,
          -1.3208447,
          1
        ]
      },
      {
        "date" : 737594871.431272,
        "title" : "Untitled",
        "transform" : [
          0.04625181,
          1.0507718e-09,
          0.9989298,
          0,
          0.5416466,
          0.84023213,
          -0.02507901,
          0,
          -0.8393332,
          0.5422266,
          0.038862273,
          0,
          -1.1669484,
          0.6418854,
          0.054031342,
          1
        ]
      }
    ],
    "4963A270-5B71-4F27-B026-2C5D0B381753" : [
      {
        "date" : 737596430.823376,
        "title" : "Untitled",
        "transform" : [
          0.99999994,
          0,
          -0,
          0,
          -0,
          0.8660254,
          -0.49999988,
          0,
          0,
          0.49999988,
          0.8660254,
          0,
          2.235174e-08,
          0.51522446,
          1.0659289,
          1
        ]
      },
      {
        "date" : 737591748.520601,
        "title" : "Untitled",
        "transform" : [
          0.99999994,
          0,
          -0,
          0,
          -0,
          0.8660254,
          -0.49999988,
          0,
          0,
          0.49999988,
          0.8660254,
          0,
          1.490116e-08,
          0.5833137,
          1.1985202,
          1
        ]
      },
      {
        "date" : 737591738.755315,
        "title" : "Untitled",
        "transform" : [
          0.99999994,
          0,
          0,
          0,
          0,
          0.8660254,
          -0.49999988,
          0,
          0,
          0.49999988,
          0.8660254,
          0,
          0,
          0.46934223,
          0.81292474,
          1
        ]
      },
      {
        "date" : 737591721.658527,
        "title" : "Untitled",
        "transform" : [
          0.99999994,
          0,
          -0,
          0,
          -0,
          0.8660254,
          -0.49999988,
          0,
          0,
          0.49999988,
          0.8660254,
          0,
          0,
          0.18633486,
          0.3227415,
          1
        ]
      }
    ],
    "A6C12A48-16B6-484B-A0E6-33C0CB56CD80" : [
      {
        "date" : 737628403.508686,
        "title" : "Untitled",
        "transform" : [
          -0.40181643,
          -3.0495983e-08,
          -0.9157204,
          0,
          -0.22204705,
          0.9701555,
          0.09743385,
          0,
          0.8883911,
          0.24248354,
          -0.38982445,
          0,
          0.9333195,
          0.254747,
          -0.40953884,
          1
        ]
      },
      {
        "date" : 737628392.415239,
        "title" : "Untitled",
        "transform" : [
          0.5151368,
          -3.0141404e-08,
          -0.85710806,
          0,
          0.12010162,
          0.9901339,
          0.07218317,
          0,
          0.8486517,
          -0.14012428,
          0.51005435,
          0,
          0.8915704,
          -0.14721033,
          0.53584933,
          1
        ]
      },
      {
        "date" : 737628375.769877,
        "title" : "Untitled",
        "transform" : [
          0.5267487,
          -3.2116972e-08,
          -0.8500211,
          0,
          0.051300745,
          0.9981771,
          0.031790514,
          0,
          0.8484716,
          -0.06035233,
          0.5257885,
          0,
          0.89138114,
          -0.0634041,
          0.55237913,
          1
        ]
      },
      {
        "date" : 737628372.961892,
        "title" : "Untitled",
        "transform" : [
          0.57188165,
          -2.8711938e-08,
          -0.82033616,
          0,
          0.25909597,
          0.948812,
          0.18062378,
          0,
          0.77834475,
          -0.31584123,
          0.5426082,
          0,
          0.8177079,
          -0.33181378,
          0.57004946,
          1
        ]
      },
      {
        "date" : 737628367.968966,
        "title" : "Untitled",
        "transform" : [
          0.5330664,
          -2.8630126e-08,
          -0.84607327,
          0,
          0.28193346,
          0.9428471,
          0.17763144,
          0,
          0.79771775,
          -0.33322576,
          0.5026002,
          0,
          0.8380607,
          -0.35007748,
          0.5280181,
          1
        ]
      },
      {
        "date" : 737628353.6626,
        "title" : "Untitled",
        "transform" : [
          0.9112113,
          -6.640523e-09,
          -0.41193947,
          0,
          -0.22584671,
          0.83631325,
          -0.49957353,
          0,
          0.34451026,
          0.5482521,
          0.7620579,
          0,
          0.3619331,
          0.5759791,
          0.8005971,
          1
        ]
      },
      {
        "date" : 737628328.462169,
        "title" : "Untitled",
        "transform" : [
          0.9725139,
          1.2957371e-08,
          -0.23284498,
          0,
          0.049106482,
          0.9775082,
          0.20510106,
          0,
          0.22760776,
          -0.21089776,
          0.9506403,
          0,
          0.23911862,
          -0.22156304,
          0.9987168,
          1
        ]
      },
      {
        "date" : 737628318.894603,
        "title" : "Untitled",
        "transform" : [
          0.97071123,
          1.292825e-08,
          0.24024951,
          0,
          -0.025802197,
          0.9942161,
          0.1042519,
          0,
          -0.23886006,
          -0.10739739,
          0.9650968,
          0,
          -0.25093973,
          -0.11282839,
          1.0139043,
          1
        ]
      },
      {
        "date" : 737628076.617357,
        "title" : "Untitled",
        "transform" : [
          -0.3817098,
          4.8044846e-08,
          0.9242822,
          0,
          0.36390907,
          0.9192301,
          0.15028708,
          0,
          -0.8496279,
          0.39372063,
          -0.3508793,
          0,
          -0.84562427,
          0.3918657,
          -0.34922582,
          1
        ]
      },
      {
        "date" : 737628055.268684,
        "title" : "Untitled",
        "transform" : [
          -0.5673728,
          4.8602097e-08,
          0.82346106,
          0,
          0.37611356,
          0.8895965,
          0.259146,
          0,
          -0.73254794,
          0.4567472,
          -0.504733,
          0,
          -0.7290961,
          0.45459524,
          -0.50235456,
          1
        ]
      }
    ],
    "A15C6DB6-FEC7-4757-8572-BBEE7E7D3C44" : [
      {
        "date" : 737780428.985314,
        "title" : "Untitled",
        "transform" : [
          0.9999007,
          -1.7228277e-09,
          -0.014089322,
          0,
          -0.008434383,
          0.8010201,
          -0.59857804,
          0,
          0.011285815,
          0.5986375,
          0.8009406,
          0,
          0.013024273,
          0.69085276,
          0.92431945,
          1
        ]
      },
      {
        "date" : 737780423.536207,
        "title" : "Untitled",
        "transform" : [
          0.9999007,
          -1.7228277e-09,
          -0.014089322,
          0,
          -0.008434383,
          0.8010201,
          -0.59857804,
          0,
          0.011285815,
          0.5986375,
          0.8009406,
          0,
          0.18110935,
          9.606673,
          12.853145,
          1
        ]
      },
      {
        "date" : 737779670.712999,
        "title" : "Untitled",
        "transform" : [
          0.9999007,
          -1.7228277e-09,
          -0.014089322,
          0,
          -0.008434383,
          0.8010201,
          -0.59857804,
          0,
          0.011285814,
          0.59863746,
          0.80094045,
          0,
          0.011333687,
          0.6011785,
          0.80434024,
          1
        ]
      },
      {
        "date" : 737779669.262141,
        "title" : "Untitled",
        "transform" : [
          0.9995384,
          -1.7024167e-09,
          0.03037773,
          0,
          0.017165286,
          0.8250491,
          -0.56480026,
          0,
          -0.025063135,
          0.56506115,
          0.82466835,
          0,
          -0.025169548,
          0.5674596,
          0.8281687,
          1
        ]
      },
      {
        "date" : 737779664.190867,
        "title" : "Untitled",
        "transform" : [
          0.99933654,
          -1.7189921e-09,
          -0.036419258,
          0,
          -0.021202415,
          0.8130626,
          -0.58179,
          0,
          0.029611127,
          0.58217627,
          0.81252325,
          0,
          0.029736783,
          0.58464736,
          0.81597203,
          1
        ]
      },
      {
        "date" : 737779658.92822,
        "title" : "Untitled",
        "transform" : [
          0.99914736,
          -1.5105763e-09,
          -0.041284297,
          0,
          -0.016988276,
          0.91141194,
          -0.41114417,
          0,
          0.037626993,
          0.41149503,
          0.9106349,
          0,
          0.037786677,
          0.41324174,
          0.9145002,
          1
        ]
      },
      {
        "date" : 737778533.202708,
        "title" : "Untitled",
        "transform" : [
          0.9899823,
          -1.344711e-09,
          0.14119095,
          0,
          0.025208466,
          0.9839323,
          -0.17675301,
          0,
          -0.13892235,
          0.1785416,
          0.9740756,
          0,
          -0.06202216,
          0.079710275,
          0.43487802,
          1
        ]
      },
      {
        "date" : 737778346.13396,
        "title" : "Untitled",
        "transform" : [
          0.99999994,
          0,
          -0,
          0,
          -0,
          0.8660254,
          -0.49999988,
          0,
          0,
          0.49999988,
          0.8660254,
          0,
          0,
          0.22322597,
          0.38663876,
          1
        ]
      }
    ],
    "A9624CDA-8682-4D4D-85B6-3DE2958A1345" : [
      {
        "date" : 737622096.378777,
        "title" : "Untitled",
        "transform" : [
          0.94078416,
          -1.70631e-08,
          0.33900613,
          0,
          -0.07444289,
          0.9755919,
          0.20658836,
          0,
          -0.33073136,
          -0.21959189,
          0.91782135,
          0,
          -0.30363,
          -0.20159741,
          0.8426114,
          1
        ]
      },
      {
        "date" : 737622094.467782,
        "title" : "Untitled",
        "transform" : [
          0.91307753,
          -1.69427e-08,
          -0.40778634,
          0,
          0.1119772,
          0.96155924,
          0.25072894,
          0,
          0.39211085,
          -0.27459794,
          0.8779779,
          0,
          0.3599796,
          -0.25209603,
          0.80603284,
          1
        ]
      },
      {
        "date" : 737617132.821566,
        "title" : "Untitled",
        "transform" : [
          0.9976359,
          -2.1348072e-08,
          0.06872225,
          0,
          0.023793478,
          0.93815094,
          -0.34540802,
          0,
          -0.0644716,
          0.34622633,
          0.935933,
          0,
          -0.059188634,
          0.31785536,
          0.8592388,
          1
        ]
      },
      {
        "date" : 737617101.584384,
        "title" : "Untitled",
        "transform" : [
          0.015127301,
          -1.8411178e-08,
          0.9998855,
          0,
          0.37833107,
          0.9256526,
          -0.0057237744,
          0,
          -0.92554677,
          0.37837416,
          0.014002871,
          0,
          -0.8497036,
          0.34736884,
          0.012855293,
          1
        ]
      },
      {
        "date" : 737617097.89448,
        "title" : "Untitled",
        "transform" : [
          0.013986421,
          -1.921014e-08,
          0.99990207,
          0,
          -0.21430266,
          0.9767627,
          0.0029976314,
          0,
          -0.97666705,
          -0.21432377,
          0.013661645,
          0,
          -0.89663506,
          -0.19676107,
          0.012542032,
          1
        ]
      },
      {
        "date" : 737617087.717328,
        "title" : "Untitled",
        "transform" : [
          0.80754143,
          -5.6775363e-08,
          -0.58981097,
          0,
          -0.36278138,
          0.78846407,
          -0.49670324,
          0,
          0.46504492,
          0.6150808,
          0.63671726,
          0,
          0.42693707,
          0.5646786,
          0.584542,
          1
        ]
      },
      {
        "date" : 737617086.001355,
        "title" : "Untitled",
        "transform" : [
          0.47019452,
          -3.8545224e-08,
          -0.8825628,
          0,
          0.27661335,
          0.9496144,
          0.14736858,
          0,
          0.8380944,
          -0.31342062,
          0.4465034,
          0,
          0.76941746,
          -0.28773752,
          0.4099151,
          1
        ]
      },
      {
        "date" : 737617083.270718,
        "title" : "Untitled",
        "transform" : [
          -0.39968637,
          -2.0049548e-08,
          -0.9166518,
          0,
          -0.3052045,
          0.94294244,
          0.13307784,
          0,
          0.8643499,
          0.33295566,
          -0.3768814,
          0,
          0.7935215,
          0.30567202,
          -0.34599817,
          1
        ]
      },
      {
        "date" : 737617059.507018,
        "title" : "Untitled",
        "transform" : [
          0.948493,
          4.6582027e-09,
          -0.316798,
          0,
          -0.017535679,
          0.9984669,
          -0.052501954,
          0,
          0.3163124,
          0.055352967,
          0.9470388,
          0,
          0.29039246,
          0.0508172,
          0.8694347,
          1
        ]
      },
      {
        "date" : 737617050.296512,
        "title" : "Untitled",
        "transform" : [
          0.9407006,
          4.875817e-09,
          0.33923823,
          0,
          0.069192275,
          0.9789785,
          -0.19186862,
          0,
          -0.33210686,
          0.20396353,
          0.92092556,
          0,
          -0.30489272,
          0.18725002,
          0.8454612,
          1
        ]
      }
    ],
    "AF09ED6F-1707-48FD-8720-65B998362C09" : [
      {
        "date" : 737549570.358169,
        "title" : "Untitled",
        "transform" : [
          0.99794734,
          -8.320278e-10,
          -0.06404038,
          0,
          0.0067921104,
          0.9943598,
          0.10584206,
          0,
          0.06367917,
          -0.106059834,
          0.9923187,
          0,
          0.13504648,
          0.24270838,
          2.1044421,
          1
        ]
      },
      {
        "date" : 737549566.266779,
        "title" : "Untitled",
        "transform" : [
          1,
          0,
          0,
          0,
          0,
          0.86602485,
          -0.500001,
          0,
          0,
          0.500001,
          0.86602485,
          0,
          0,
          1.4382671,
          1.5611565,
          1
        ]
      },
      {
        "date" : 737549498.123924,
        "title" : "Untitled",
